sphere = [[3, 8, 2, 13, [(0.783611624891225, 4.798237340988468e-17, -0.7836116248912238), 
						(-1.2643170607829326e-16, 6.785732323110913e-17, -1.108194187554388), 
						(-0.7836116248912243, 4.798237340988471e-17, -0.7836116248912243), 
						(-1.108194187554388, 1.966335461618786e-32, -3.21126950723723e-16), 
						(-0.7836116248912245, -4.7982373409884694e-17, 0.783611624891224), 
						(-3.3392053635905195e-16, -6.785732323110915e-17, 1.1081941875543881), 
						(0.7836116248912238, -4.798237340988472e-17, 0.7836116248912244), 
						(1.108194187554388, -3.644630067904792e-32, 5.952132599280585e-16)]], 
      		[3, 8, 2, 13, [(4.798237340988495e-17, 0.7836116248912238, -0.783611624891225), 
						(-1.78211217324621e-16, 1.108194187554388, 1.2643170607829329e-16), 
						(-3.000110939173827e-16, 0.7836116248912243, 0.7836116248912243), 
						(-2.4606854055573016e-16, 3.21126950723723e-16, 1.108194187554388), 
						(-4.79823734098848e-17, -0.783611624891224, 0.7836116248912245), 
						(1.7821121732462095e-16, -1.1081941875543881, 3.3392053635905195e-16), 
						(3.0001109391738264e-16, -0.7836116248912244, -0.7836116248912238), 
						(2.460685405557302e-16, -5.952132599280585e-16, -1.108194187554388)]], 
	      	[3, 8, 2, 13, [(0.783611624891225, 0.7836116248912238, -1.2601436025374895e-16), 
						(-1.2643170607829326e-16, 1.108194187554388, -1.7821121732462098e-16), 
						(-0.7836116248912243, 0.7836116248912243, -1.26014360253749e-16), 
						(-1.108194187554388, 3.21126950723723e-16, -5.164115228804121e-32), 
						(-0.7836116248912245, -0.783611624891224, 1.2601436025374897e-16), 
						(-3.3392053635905195e-16, -1.1081941875543881, 1.78211217324621e-16), 
						(0.7836116248912238, -0.7836116248912244, 1.2601436025374902e-16), 
						(1.108194187554388, -5.952132599280585e-16, 9.57175924678178e-32)]]]
						
cube = [[1, 7, 0, 8, [(-0.5, -0.5, 0.5), (0.5, -0.5, 0.5), 
							(0.5, -0.5, -0.5), (-0.5, -0.5, -0.5), 
							(-0.5, -0.5, 0.5), (-0.5, 0.5, 0.5), 
							(-0.5, 0.5, -0.5), (-0.5, -0.5, -0.5)]], 
			  [1, 7, 0, 8, [(0.5, 0.5, 0.5), (-0.5, 0.5, 0.5), 
							(-0.5, 0.5, -0.5), (0.5, 0.5, -0.5), 
							(0.5, 0.5, 0.5), (0.5, -0.5, 0.5), 
							(0.5, -0.5, -0.5), (0.5, 0.5, -0.5)]]]
							
arrow = [[1, 7, 0, 8, [(0.0, 0.0, 1.0), (-1.0, 0.0, 0.0), 
							(-0.5, 0.0, 0.0), (-0.5, 0.0, -1.0), 
							(0.5, 0.0, -1.0), (0.5, 0.0, 0.0), 
							(1.0, 0.0, 0.0), (0.0, 0.0, 1.0)]]]
							
							
diamond = [[1, 6, 0, 7, [(0.0, -1.5, 0.0), (1.0, 0.0, 1.0), (-1.0, 0.0, 1.0), 
								(0.0, -1.5, 0.0), (-1.0, 0.0, -1.0), (1.0, 0.0, -1.0), 
								(0.0, -1.5, 0.0)]], 
			[1, 6, 0, 7, [(0.0, 1.5, 0.0), (-1.0, 0.0, -1.0), (-1.0, 0.0, 1.0), 
								(0.0, 1.5, 0.0), (1.0, 0.0, 1.0), (1.0, 0.0, -1.0), 
								(0.0, 1.5, 0.0)]]]
